[app/ui]
version = 6.3.0
modtime = 1442511953.586032000

[app/launcher]
version = 6.3.0
modtime = 1442511953.588207000
